0.000000 0.000000
0.050000 0.125333
0.100000 0.248690
0.150000 0.368125
0.200000 0.481754
0.250000 0.587785
0.300000 0.684547
0.350000 0.770513
0.400000 0.844328
0.450000 0.904827
0.500000 0.951057
0.550000 0.982287
0.600000 0.998027
0.650000 0.998027
0.700000 0.982287
0.750000 0.951057
0.800000 0.904827
0.850000 0.844328
0.900000 0.770513
0.950000 0.684547
1.000000 0.587785
1.050000 0.481754
1.100000 0.368125
1.150000 0.248690
1.200000 0.125333
1.250000 0.000000
1.300000 -0.125333
1.350000 -0.248690
1.400000 -0.368125
1.450000 -0.481754
1.500000 -0.587785
1.550000 -0.684547
1.600000 -0.770513
1.650000 -0.844328
1.700000 -0.904827
1.750000 -0.951057
1.800000 -0.982287
1.850000 -0.998027
1.900000 -0.998027
1.950000 -0.982287
2.000000 -0.951057
2.050000 -0.904827
2.100000 -0.844328
2.150000 -0.770513
2.200000 -0.684547
2.250000 -0.587785
2.300000 -0.481754
2.350000 -0.368125
2.400000 -0.248690
2.450000 -0.125333
2.500000 -0.000000
2.550000 0.125333
2.600000 0.248690
2.650000 0.368125
2.700000 0.481754
2.750000 0.587785
2.800000 0.684547
2.850000 0.770513
2.900000 0.844328
2.950000 0.904827
3.000000 0.951057
3.050000 0.982287
3.100000 0.998027
3.150000 0.998027
3.200000 0.982287
3.250000 0.951057
3.300000 0.904827
3.350000 0.844328
3.400000 0.770513
3.450000 0.684547
3.500000 0.587785
3.550000 0.481754
3.600000 0.368125
3.650000 0.248690
3.700000 0.125333
3.750000 0.000000
3.800000 -0.125333
3.850000 -0.248690
3.900000 -0.368125
3.950000 -0.481754
4.000000 -0.587785
4.050000 -0.684547
4.100000 -0.770513
4.150000 -0.844328
4.200000 -0.904827
4.250000 -0.951057
4.300000 -0.982287
4.350000 -0.998027
4.400000 -0.998027
4.450000 -0.982287
4.500000 -0.951057
4.550000 -0.904827
4.600000 -0.844328
4.650000 -0.770513
4.700000 -0.684547
4.750000 -0.587785
4.800000 -0.481754
4.850000 -0.368125
4.900000 -0.248690
4.950000 -0.125333
